-4.307883
-11.766857
-9.673860
-4.605748
-4.408312
-2.452736
-2.657887
-7.472050
-0.112932
1.960159
0.873197
-0.677267
0.189935
-4.233094
-12.778157
-9.866921
-4.850596
-4.365276
-2.331621
-2.652001
-7.502376
-0.199485
1.967065
0.874449
-0.705096
0.191017
-6.347271
-24.325299
-22.367834
-19.353201
-22.072873
-22.683434
-23.674609
-29.696549
-22.068384
-20.435343
-21.096693
-21.782373
-19.871208
0.899666
59.823451
34.132671
43.001932
49.486527
66.927174
71.590197
80.413793
76.653168
78.089590
75.185657
70.042122
62.494870
0.859331
7.026629
5.482637
6.231128
6.825833
7.873584
8.249056
8.761149
8.592690
8.700264
8.531215
8.242528
7.785175
4.530916
14.402891
12.117988
9.126650
9.449172
10.935925
10.823749
12.658142
10.623488
10.691434
10.051621
9.406110
8.886753
