2.130846
8.895253
6.964479
6.105845
5.757874
8.139561
7.357221
6.545122
7.180821
6.599109
5.689323
5.034907
4.738902
2.208286
10.252720
7.458618
6.527768
5.948128
8.493514
7.647605
6.775043
7.384445
6.722045
5.816797
5.179931
4.826964
1.903906
10.260954
7.340688
7.945281
7.774597
9.748472
8.207664
8.454004
9.039860
8.184031
7.367716
7.070930
6.472560
0.894034
57.022746
28.830857
35.463303
28.034352
46.089374
36.744481
39.787756
32.725524
29.919598
30.691871
26.962047
26.716745
0.401516
3.232637
2.018256
2.043275
1.701331
2.221227
1.882357
1.912084
1.678943
1.547578
1.550492
1.450121
1.373286
1.862478
8.364487
5.419832
4.266197
3.575753
4.427311
3.953442
4.342279
3.920664
3.342647
2.698417
2.715913
2.452297
